[gd_scene load_steps=19 format=3 uid="uid://dlr4nrciifgm4"]

[ext_resource type="PackedScene" uid="uid://icv5x8xkkgs6" path="res://track.tscn" id="1_wi8fe"]
[ext_resource type="Script" path="res://ShipControl.gd" id="2_lo1p2"]
[ext_resource type="Script" path="res://Camera3D.gd" id="3_4rinq"]
[ext_resource type="Script" path="res://RayCast3D.gd" id="3_d63by"]

[sub_resource type="Curve3D" id="Curve3D_t3ovy"]

[sub_resource type="CapsuleShape3D" id="CapsuleShape3D_wiogi"]
radius = 0.840944
height = 3.22163

[sub_resource type="Animation" id="Animation_sewhv"]
length = 0.001
tracks/0/type = "value"
tracks/0/imported = false
tracks/0/enabled = true
tracks/0/path = NodePath("ship:rotation")
tracks/0/interp = 1
tracks/0/loop_wrap = true
tracks/0/keys = {
"times": PackedFloat32Array(0),
"transitions": PackedFloat32Array(1),
"update": 0,
"values": [Vector3(0, 0, 0)]
}
tracks/1/type = "value"
tracks/1/imported = false
tracks/1/enabled = true
tracks/1/path = NodePath("ship:position")
tracks/1/interp = 1
tracks/1/loop_wrap = true
tracks/1/keys = {
"times": PackedFloat32Array(0),
"transitions": PackedFloat32Array(1),
"update": 0,
"values": [Vector3(0, 0, 0)]
}
tracks/2/type = "value"
tracks/2/imported = false
tracks/2/enabled = true
tracks/2/path = NodePath("ship:scale")
tracks/2/interp = 1
tracks/2/loop_wrap = true
tracks/2/keys = {
"times": PackedFloat32Array(0),
"transitions": PackedFloat32Array(1),
"update": 0,
"values": [Vector3(1, 1, 1)]
}

[sub_resource type="Animation" id="Animation_1tcjp"]
resource_name = "crashed"
tracks/0/type = "value"
tracks/0/imported = false
tracks/0/enabled = true
tracks/0/path = NodePath("ship:scale")
tracks/0/interp = 1
tracks/0/loop_wrap = true
tracks/0/keys = {
"times": PackedFloat32Array(0),
"transitions": PackedFloat32Array(1),
"update": 0,
"values": [Vector3(0, 0, 0)]
}

[sub_resource type="Animation" id="Animation_tlxtr"]
resource_name = "getOnTrack"
length = 0.600005
step = 0.05
tracks/0/type = "value"
tracks/0/imported = false
tracks/0/enabled = true
tracks/0/path = NodePath("ship:position")
tracks/0/interp = 1
tracks/0/loop_wrap = true
tracks/0/keys = {
"times": PackedFloat32Array(0, 0.45),
"transitions": PackedFloat32Array(0.517632, 1),
"update": 0,
"values": [Vector3(0, -0.384588, 1.19209e-07), Vector3(0, 0, 0)]
}
tracks/1/type = "value"
tracks/1/imported = false
tracks/1/enabled = true
tracks/1/path = NodePath("ship:rotation")
tracks/1/interp = 1
tracks/1/loop_wrap = true
tracks/1/keys = {
"times": PackedFloat32Array(0, 0.15, 0.45),
"transitions": PackedFloat32Array(0.435275, 0.615572, 1),
"update": 0,
"values": [Vector3(0.466003, 0.776672, 0.106465), Vector3(0.25493, -0.392399, 0.636563), Vector3(0, 0, 0)]
}

[sub_resource type="Animation" id="Animation_cnbef"]
resource_name = "idle"
length = 0.001
tracks/0/type = "value"
tracks/0/imported = false
tracks/0/enabled = true
tracks/0/path = NodePath("ship:rotation")
tracks/0/interp = 1
tracks/0/loop_wrap = true
tracks/0/keys = {
"times": PackedFloat32Array(0),
"transitions": PackedFloat32Array(1),
"update": 0,
"values": [Vector3(0, 0, 0)]
}

[sub_resource type="Animation" id="Animation_421hk"]
resource_name = "offTrack"
length = 0.6
loop_mode = 1
tracks/0/type = "value"
tracks/0/imported = false
tracks/0/enabled = true
tracks/0/path = NodePath("ship:rotation")
tracks/0/interp = 1
tracks/0/loop_wrap = true
tracks/0/keys = {
"times": PackedFloat32Array(0, 0.6),
"transitions": PackedFloat32Array(1, 1),
"update": 0,
"values": [Vector3(0, 0, 0), Vector3(6.28319, 6.28319, 0)]
}

[sub_resource type="AnimationLibrary" id="AnimationLibrary_3ysex"]
_data = {
"RESET": SubResource("Animation_sewhv"),
"crashed": SubResource("Animation_1tcjp"),
"getOnTrack": SubResource("Animation_tlxtr"),
"idle": SubResource("Animation_cnbef"),
"offTrack": SubResource("Animation_421hk")
}

[sub_resource type="ProceduralSkyMaterial" id="ProceduralSkyMaterial_ore5d"]

[sub_resource type="Sky" id="Sky_fe233"]
sky_material = SubResource("ProceduralSkyMaterial_ore5d")

[sub_resource type="Environment" id="Environment_y3gt8"]
background_mode = 2
sky = SubResource("Sky_fe233")

[sub_resource type="CapsuleShape3D" id="CapsuleShape3D_vpolx"]
radius = 6.412
height = 100.0

[sub_resource type="SphereShape3D" id="SphereShape3D_m6jww"]

[sub_resource type="Curve3D" id="Curve3D_2quc2"]
resource_local_to_scene = true
bake_interval = 0.01
_data = {
"points": PackedVector3Array(5.96584, -1.96653, -9.2618, 0, 0, 10, 0, 0, 0, -0.614754, -2.73431, -5.84846, 0, 0, 0, -0.626907, 12.1364, 81.9865, -1.175, 6.34733, 6.03886, 1.175, -6.34733, -6.03886, -0.487358, -9.14539, 75.5059, -0.846465, -26.1403, 10.701, 0.846465, 26.1403, -10.701, -3.40096, -16.5886, 149.584, 12.6317, 14.0755, -45.7425, -12.6317, -14.0755, 45.7425, -8.76002, -2.86282, 373.702, -28.4353, -12.6318, 57.7385, 28.4353, 12.6318, -57.7385, -10.5853, -81.3357, 306.644, 136.081, 21.2828, -22.0212, -136.081, -21.2828, 22.0212, 3.23592, 65.6348, 297.607, -33.2241, 1.30518, 0.185883, 33.2241, -1.30518, -0.185883, -31.1387, -45.9905, 309.665, -43.0018, 1.66834, 2.40164, 43.0018, -1.66834, -2.40164, 87.7359, -0.894651, 322.685, -23.0465, 0, 0, 23.0465, 0, 0, 138.302, 0.514515, 322.685),
"tilts": PackedFloat32Array(0, 0, -0.0122736, -0.516297, 2.27495, 3.14, -1.2324, 3.465, 6.28, 6.28)
}
point_count = 10

[node name="Node3D" type="Node3D"]

[node name="Path3D" type="Path3D" parent="."]
transform = Transform3D(1, 0, 0, 0, 1, 0, 0, 0, 1, 0.174217, -3.8147e-06, 0.347198)
curve = SubResource("Curve3D_t3ovy")

[node name="DirectionalLight3D" type="DirectionalLight3D" parent="."]
transform = Transform3D(0.916321, 0.175971, -0.359709, 0, 0.898273, 0.439438, 0.400445, -0.402666, 0.823106, -2.63272, 8.20744, 4.90258)
light_energy = 1.53
shadow_enabled = true
directional_shadow_mode = 1

[node name="StaticBody3D" type="CharacterBody3D" parent="."]
transform = Transform3D(1, 3.05711e-14, 1.74846e-07, 0, 1, -1.74846e-07, -1.74846e-07, 1.74846e-07, 1, 0.531315, 18.131, 4.71371)
input_ray_pickable = false
motion_mode = 1
platform_on_leave = 2
script = ExtResource("2_lo1p2")
acceleration = 2.0
friction = 0.97
rAcceleration = 1.0
rFriction = 0.875
rollAcceleration = 0.8
gravity = 0.35
groundMagnet = 0.5
groundMagnetDist = 0.5
groundMagnetRotSpeed = 1.0
groundAirMagnetSpeed = 9.0

[node name="CollisionShape3D2" type="CollisionShape3D" parent="StaticBody3D"]
transform = Transform3D(1, 0, 6.77626e-21, 0, -4.37114e-08, -1, 0, 1, -4.37114e-08, 0, 0, 0)
shape = SubResource("CapsuleShape3D_wiogi")

[node name="AnimationPlayer" type="AnimationPlayer" parent="StaticBody3D"]
libraries = {
"": SubResource("AnimationLibrary_3ysex")
}

[node name="groundCheck" type="RayCast3D" parent="StaticBody3D"]
transform = Transform3D(1, 3.36168e-08, 3.26213e-09, -3.36168e-08, 0.981343, 0.192265, 3.26212e-09, -0.192265, 0.981343, 0, 0, 0)
target_position = Vector3(0, -10, 2)
hit_back_faces = false
script = ExtResource("3_d63by")

[node name="ship" type="CSGCombiner3D" parent="StaticBody3D"]

[node name="CSGBox3D" type="CSGBox3D" parent="StaticBody3D/ship"]
transform = Transform3D(1, 0, 0, 0, 1, 0, 0, 0, 1, 0, 0, -0.0456543)
size = Vector3(1, 0.430664, 2.12402)

[node name="CSGBox3D4" type="CSGBox3D" parent="StaticBody3D/ship"]
transform = Transform3D(1, -2.41919e-08, 1.6817e-09, 2.41919e-08, 0.990382, -0.138361, 1.6817e-09, 0.138361, 0.990382, -1.71363e-07, 0.183682, -0.2133)
size = Vector3(0.587646, 0.507324, 1.53662)

[node name="CSGBox3D2" type="CSGBox3D" parent="StaticBody3D/ship"]
transform = Transform3D(0.5, 1.51421e-07, 0.866025, -1.51421e-07, 1, -8.7423e-08, -0.866025, -8.7423e-08, 0.5, 0.547717, 0, -1.29513)
size = Vector3(1.44507, 0.430664, 0.860748)

[node name="CSGBox3D3" type="CSGBox3D" parent="StaticBody3D/ship"]
transform = Transform3D(0.5, 0, -0.866025, 2.84217e-14, 1, 0, 0.866025, 0, 0.5, -0.548, 0, -1.295)
size = Vector3(1.44507, 0.430664, 0.860748)

[node name="Node3D2" type="Node3D" parent="StaticBody3D"]
transform = Transform3D(1, 0, 0, 0, 1, 0, 0, 0, 1, -1.11248e-06, 1.04153, 3.63543)

[node name="Node3D" type="Node3D" parent="StaticBody3D"]
transform = Transform3D(1, 0, 0, 0, 1, 0, 0, 0, 1, 9.61538e-08, 1.44721, -3.27712)

[node name="Camera3D" type="Camera3D" parent="StaticBody3D/Node3D"]
transform = Transform3D(-1, -4.02539e-08, 1.3521e-07, 8.47033e-22, 0.958427, 0.285337, -1.41075e-07, 0.285337, -0.958427, 0, 0, 0)
environment = SubResource("Environment_y3gt8")
current = true
fov = 86.3942
size = 9.0
near = 0.005
far = 836.67
script = ExtResource("3_4rinq")
fovChange = 5.0

[node name="ShapeCast3D" type="ShapeCast3D" parent="StaticBody3D"]
transform = Transform3D(1, 0, 0, 0, -4.37114e-08, -1, 0, 1, -4.37114e-08, 5.96046e-08, 0, 44.525)
shape = SubResource("CapsuleShape3D_vpolx")
target_position = Vector3(0, 1, 0)

[node name="StaticBody3D2" type="StaticBody3D" parent="."]
transform = Transform3D(114.221, 0, 0, 0, 114.221, 0, 0, 0, 114.221, -104.986, -56.9146, 7.04562)

[node name="CollisionShape3D" type="CollisionShape3D" parent="StaticBody3D2"]
shape = SubResource("SphereShape3D_m6jww")

[node name="CSGSphere3D" type="CSGSphere3D" parent="StaticBody3D2/CollisionShape3D"]
rings = 30

[node name="CSGCombiner3D" type="CSGCombiner3D" parent="."]
transform = Transform3D(1, 0, 0, 0, 1, 0, 0, 0, 1, 0, -36.8333, 0)
use_collision = true

[node name="CSGBox3D" type="CSGBox3D" parent="CSGCombiner3D"]
transform = Transform3D(1, 0, 0, 0, 1, 0, 0, 0, 1, 67.4653, -63.9354, 150.083)
size = Vector3(289.111, 9.7754, 540.964)

[node name="CSGBox3D2" type="CSGBox3D" parent="CSGCombiner3D"]
transform = Transform3D(0.684618, -0.662505, -0.30395, 0.645173, 0.744823, -0.170266, 0.339191, -0.0795328, 0.93735, 4.46376, -52.9578, 35.8167)
size = Vector3(30.4834, 0.001, 21.1877)

[node name="e" type="CSGBox3D" parent="CSGCombiner3D"]
transform = Transform3D(1, 0, 0, 0, 0.916244, 0.400621, 0, -0.400621, 0.916244, 73.552, -60.7095, 118.142)
size = Vector3(43.7539, 9.7754, 29.5291)

[node name="CSGBox3D3" type="CSGBox3D" parent="CSGCombiner3D"]
transform = Transform3D(-3.56555e-08, -0.942186, 0.33509, 1, -4.20671e-08, -1.18761e-08, 2.52857e-08, 0.33509, 0.942186, 150.819, -38.4381, 195.448)
size = Vector3(53.3149, 9.7754, 96.4717)

[node name="CSGBox3D4" type="CSGBox3D" parent="CSGCombiner3D"]
transform = Transform3D(-2.77258e-08, -0.93898, -0.343971, 1, -7.49743e-09, -6.01385e-08, 5.389e-08, -0.343971, 0.93898, 155.626, -33.6576, 259.348)
size = Vector3(43.7539, 9.7754, 96.4717)

[node name="CSGBox3D5" type="CSGBox3D" parent="CSGCombiner3D"]
transform = Transform3D(-5.23924e-08, -0.171602, -0.985166, 1, 7.96513e-08, -6.70554e-08, 8.99766e-08, -0.985166, 0.171602, 136.395, -33.3444, 300.037)
size = Vector3(43.7539, 9.7754, 22.8477)

[node name="Path3D3" parent="." instance=ExtResource("1_wi8fe")]
curve = SubResource("Curve3D_2quc2")

[connection signal="crashed" from="StaticBody3D" to="StaticBody3D/AnimationPlayer" method="play" binds= ["crashed"]]
[connection signal="getOffTrack" from="StaticBody3D" to="StaticBody3D/AnimationPlayer" method="play" binds= ["offTrack"]]
[connection signal="getOnTrack" from="StaticBody3D" to="StaticBody3D/AnimationPlayer" method="play" binds= ["getOnTrack"]]
[connection signal="enteredColision" from="StaticBody3D/groundCheck" to="StaticBody3D" method="_on_GetOnTrack"]
[connection signal="exitedColision" from="StaticBody3D/groundCheck" to="StaticBody3D" method="_on_GetOffTrack"]
